270800
175200
222200
229800
43300
34000
31800
45600
44600
32800
42700
38000
37200
38600
36700
37000
36200
35600
36800
33700
47300
41000
34300
53100
41500
44300
57700
49800
92100
53500
52500
26900
38100
23600
42100
37400
27300
38900
37500
23300
22700
21400
22100
21400
21500
21200
21600
44300
21500
21600
21500
22000
22100
26900
15400
15100
21300
23200
21900
22900
51100
26300
21200
15800
15200
14700
21800
20800
21700
22800
22900
23900
22600
22000
22500
22300
22700
21200
40400
22300
24600
25400
21700
22100
23600
23500
23100
24400
24000
23000
22800
22500
24200
21200
21200
21400
26400
21500
21800
22400