114500
130500
152200
81600
80700
77500
125500
81500
79800
86000
82100
101600
81000
77100
77000
77800
140200
98000
75700
76200
89200
74300
83500
138500
103800
106300
50800
40900
59100
20500
17100
21500
18600
25100
13600
17800
28100
23800
24300
32100
49100
21400
20800
23300
21800
25600
25600
23100
22700
39600
22500
23700
28600
24400
20900
24700
29100
21700
21800
30400
22600
17800
28800
22400
19700
24800
67600
19300
24900
31600
27100
29800
22100
23700
22600
28200
24000
22700
30000
22400
23200
26500
24400
25400
26900
19500
21900
23900
28600
25100
24300
27200
23800
22100
28100
23400
22500
24600
25200
23300