135800
127900
236500
465200
102400
49700
47700
55400
51600
47500
50500
54600
31800
46600
29700
46500
29900
33100
32400
38400
35100
39300
32900
38100
34400
34800
30700
32500
28500
31600
32200
32600
42800
80900
42000
34800
35200
35300
34600
35800
29000
29900
31000
33500
36500
38900
58700
36100
37200
33300
36300
44500
32800
36400
36100
39000
31000
38600
33000
37300
36300
33600
33600
37600
29400
32700
29400
30300
30100
34800
46800
36900
33900
35400
38700
44600
37100
41500
42500
34000
30900
30500
39700
41800
48800
37300
34700
33800
40500
34800
32000
40000
30700
29800
33100
32800
34700
37000
35200
35700