56600
77600
67900
45200
37600
55600
32200
109300
31500
30300
18100
8700
7700
8200
7900
7900
9800
8500
8500
8800
7900
7400
7600
7600
7700
7500
8000
8200
25600
12000
13700
12900
12100
12700
14000
10800
18100
10900
10400
10900
14900
14800
35800
22200
12600
13100
13200
13500
12500
12000
14500
11300
13200
13300
17700
14800
12900
14200
12700
12300
13400
12300
13000
12300
28500
15800
14800
11600
11600
13800
13200
14300
19700
15000
12700
11800
13100
11900
12800
35400
11600
9400
9200
9200
8900
8900
8200
8700
11400
8400
8500
7800
8700
8300
8600
12200
8400
9000
8300
9000