0.099000
0.102000
0.101000
0.102000
0.100000
0.101000
0.100000
0.101000
0.100000
0.103000
0.096000
0.099000
0.102000
0.100000
0.101000
0.100000
0.102000
0.100000
0.100000
0.099000
0.101000
0.100000
0.097000
0.102000
0.100000
0.101000
0.100000
0.102000
0.101000
0.099000
0.101000
0.097000
0.100000
0.098000
0.097000
0.098000
0.099000
0.099000
0.098000
0.100000
0.100000
0.102000
0.106000
0.103000
0.097000
0.097000
0.097000
0.102000
0.101000
0.098000
0.101000
0.101000
0.098000
0.101000
0.098000
0.099000
0.099000
0.098000
0.098000
0.099000
0.097000
0.099000
0.100000
0.099000
0.097000
0.096000
0.102000
0.101000
0.099000
0.102000
0.102000
0.098000
0.096000
0.099000
0.101000
0.103000
0.101000
0.104000
0.098000
0.101000
0.101000
0.101000
0.099000
0.096000
0.099000
0.098000
0.100000
0.098000
0.101000
0.097000
0.100000
0.100000
0.118000
0.106000
0.100000
0.102000
0.100000
0.098000
0.098000
0.101000
0.100000